100 236.5242296658162058024755079556632
101 237.7698204809252040032366259263873
102 239.5554775733276287402689320343344
103 241.0491577962165864128379214103356
104 242.8232719342226000168264744588786
105 244.0708984970781582368165279898444
106 247.1369900748974994675509681792082
107 248.1019900601484592567621420846569
108 249.5736896447072091923297941887400
109 251.0149477950160011429541551037080
110 253.0699867479994771945990137856179
111 255.3062564549140227530864917940013
112 256.3807136944344777893583823397297
113 258.6104394915313682089830586447592
114 259.8744069896780003506728446138766
115 260.8050845045968701859312334724646
116 263.5738939048701322330815881310234
117 265.5578518388763202924773089641850
118 266.6149737815010724957201129738679
119 267.9219150828240594403789671721855
120 269.9704490239976025946935053188985
121 271.4940556416449990181794167575227
122 273.4596091884032870457142502988019
123 275.5874926493438412487407026193778
124 276.4520495031329386798873436383991
125 278.2507435298419544927482767113162
126 279.2292509277451892284098804519553
127 282.4651147650520962330272011865010
128 283.2111857332338674204938379433290
129 284.8359639809047241331576339226964
130 286.6674453630028842928476241464148
131 287.9119205014221871552541202718675
132 289.5798549292188341527380235693524
133 291.8462913290673958355130544246386
134 293.5584341393562853567766971060351
135 294.9653696192655421750664486390095
136 295.5732548789582923884608314587787
137 297.9792770619434152099296829576829
138 299.8403260537213129600270525252938
139 301.6493254621941836234701002084181
140 302.6967495896069170517514770953529
141 304.8643713408572977001487499031444
142 305.7289126020368092892228212616610
143 307.2194961281700547894100333999346
144 310.1094631467018988047862197679989
145 311.1651415303560032709426708003548
146 312.4278011806008919804859830928742
147 313.9852857311589229790489657545763
148 315.4756160894757338685960781439538
149 317.7348059423701803956454942049681
150 318.8531042563165979066891845477493
151 321.1601343091135782919214714174306
152 322.1445586724829322988374450059887
153 323.4669695575120505062120304147951
154 324.8628660517396132649800869954006
155 327.4439012619054573434692638163206
156 329.0330716804809340336147275768039
157 329.9532397282338663438921221886314
158 331.4744675826634243756617538663449
159 333.6453785248698505849616830808793
160 334.2113548332443832324034079591923
161 336.8418504283906847946547629194120
162 338.3399928508066118862573260871631
163 339.8582167253635401923265509308740
164 341.0422611110465604825977845985367
165 342.0548775103635854514038250940982
166 344.6617029402523370441811880981990
167 346.3478705660099473959364598161519
168 347.2726775844204844757970948880699
169 349.3162608706961441231555557339939
170 350.4084193491920991876719532344873
171 351.8786490253592804367133930765969
172 353.4889004887188067836037686094353
173 356.0175749772649473179603619607666
174 357.1513022520396248096029282322904
175 357.9526851016322737551289189827774
176 359.7437549531144487992919859769902
177 361.2893616958046503902913112277154
178 363.3313305789738347473344495666148
179 364.7360241140889937162621021269403
180 366.2127102883313168610771451968066
181 367.9935754817403033261832980442079
182 368.9684380957343898915769012998921
183 370.0509192121060003396511630612665
184 373.0619283721128384491193964312852
185 373.8648739109085697447563627336596
186 375.8259127667393341079077141466931
187 376.3240922306680521171908196124275
188 378.4366802499654797240909659132034
189 379.8729753465323466510240596904463
190 381.4844686171865249196625224236574
191 383.4435294495364877043457554807227
192 384.9561168148636871037515842087935
193 385.8613008459742291805619593598032
194 387.2228902223879809759485147381099
195 388.8461283542322546008094203003735
196 391.4560835636380457705782281225541
197 392.2450833395190967490151841709930
198 393.4277438444340259366989529201288
199 395.5828700109937209708777113231417
